-7.354624079611299381e-02 -1.035041761118150883e-02
1.316510600505843842e-01 -9.255059936050255565e-02
4.890879420520112819e-01 -5.641884203129123865e-01
5.376277206101925249e-02 3.141179500475170527e-02
4.327508894599550564e-03 2.204218409633598025e-02
-1.608019781386964969e-02 -1.023206463137685956e-01
-2.005867840933870938e-01 -1.752318760584475887e-01
-4.238066717094444991e-02 9.114414036615343939e-03
-7.427307011904296652e-02 -2.735893990120303806e-02
-4.590549331544907519e-02 3.550601210229183818e-02
1.869819309787193809e-02 -3.232894905184394152e-02
-9.221186960935686197e-03 3.315221322718247404e-02
-4.896733737997972097e-02 -6.582843105635813145e-03
5.574646917717833439e-02 3.065303862603268800e-02
2.038060967973024176e-02 -1.839346443162156227e-03
-1.956975597550562537e-03 -1.781258734615466868e-02
4.572715412358172547e-03 -3.098108037996937653e-02
2.215453093237162996e-02 -2.132254832568036829e-02
4.576604341329820053e-03 -1.430954963054835612e-02
5.109366215755158265e-03 -8.605680996360571405e-03
-9.570071817094634448e-03 1.796636158668215438e-02
-1.516585345109405618e-02 3.052964132705127294e-03
1.946057629595732488e-02 3.397633421714126565e-04
-1.234006986426237559e-02 -1.719012639537613116e-02
1.213382254734419845e-02 1.358960491585177064e-03
-9.658890778516228751e-03 2.335179292888660534e-03
-6.224883553411262628e-03 -8.400618988037270377e-03
-2.370654944907461554e-03 4.406020188658986078e-03
-2.591125956599214884e-03 1.473828156820555270e-02
-2.685235343073743685e-03 7.444936557601799891e-03
-3.251475779032382205e-03 -2.372242398975040064e-04
-4.545678082574263200e-05 6.859463676645697477e-03
4.939594484697919880e-04 1.006750522455822361e-03
-1.023463096974217132e-03 -2.862364306475863405e-03
-5.917738748088236835e-03 -1.442843285435671703e-03
4.284000290918289940e-03 -1.526100215905903468e-03
-4.188181046159982651e-04 -4.162633712498503693e-05
3.291171407894702677e-03 2.445190134979067392e-04
-7.421662365977135627e-03 -2.262342662495360306e-03
-2.702500975947559787e-03 2.987301332881060756e-03
-1.893327047014078598e-03 5.927306790881125371e-04
1.766337340251221389e-04 -1.056800968525792653e-03
2.060956805312228867e-03 -1.786411848483178367e-03
4.715955679866654050e-04 -9.138816679653935689e-04
2.228971018201682079e-03 -9.898316817844468683e-04
3.264804016579686899e-03 -1.756294779495735578e-03
-2.096467172747337997e-03 -1.842843382370629125e-03
1.773494754528213155e-03 -2.545969706555795565e-03
3.811658586197751468e-04 7.193622000421400538e-04
-5.644260402457513181e-04 -2.077495957433303161e-03
2.701043421075536612e-03 -1.237450773118996088e-03
-3.034964337891425581e-03 -3.729429214520870936e-03
2.004944541049089035e-03 1.275868752484135430e-03
-1.635557960197107528e-03 -9.319572870517668726e-04
-1.182021782713737904e-03 2.066400716610215533e-03
-2.377367952935450189e-03 -5.923543507025833075e-04
1.290941308060881152e-03 2.636060316824668896e-03
-3.148431544680006106e-03 4.805991658182277035e-04
3.708555634911079538e-04 1.261046182746344791e-03
-5.070254730119013809e-04 2.996458874204147027e-03
-9.780373494533609567e-04 2.860083244130276134e-03
7.654084682376771209e-04 2.260979614653590378e-03
-2.338787466050228515e-03 -5.093547897444957676e-04
1.742955648780214906e-03 3.808155720201617119e-04
-1.178865062095420680e-03 -4.363139108173986840e-04
4.903335393185810284e-04 5.264063650499041383e-04
7.817779188746751262e-04 1.016190989050098914e-03
1.097898209114304144e-03 -1.538194821653873084e-03
5.163719434192622602e-04 1.107593923695785257e-03
2.023117198735061451e-03 -2.805930277778233891e-03
2.163960986304368998e-04 -8.373553874098228311e-05
4.604218544181924765e-04 -1.502892293176575928e-03
-1.271027360165298504e-03 -6.384611154620940940e-04
-5.532605249179052293e-04 5.550088500845488243e-04
-1.935808393197395666e-03 -4.850271877747397301e-04
8.146735159212505160e-04 1.213922374221788631e-03
5.188832424961550317e-04 9.809169488891849708e-04
2.552066563181727243e-04 3.679507715954289607e-04
2.459572401758338550e-03 3.163582516948612784e-04
5.817652863885516921e-04 -4.908079441261742728e-04
1.387994313854291548e-03 1.311831017271124916e-03
1.703052863066171574e-04 -1.326545908518883977e-03
1.628064003309622409e-04 -4.345990953798729763e-04
-6.231097104661257637e-04 -3.423951859096928093e-04
5.963493197768484798e-04 2.731886356911281555e-04
-1.064710036425608368e-03 1.142377992522550885e-03
-5.195570719967666480e-04 3.194633239598678029e-04
-2.879755527551364149e-04 1.402922516751727152e-03
-5.334103651757406703e-04 -3.518021956821414608e-04
7.682347119161653595e-04 6.102853272718144822e-04
2.785959515987660113e-04 -9.216642420262822523e-04
1.145420454525896515e-04 -1.053252866610601766e-04
6.461363661597972069e-04 -7.114274012082377925e-04
8.027476229509952895e-04 -4.146885170047255142e-04
-3.886482747066308794e-04 -8.121255391909705393e-04
1.500345288480753976e-03 -7.871172673799668468e-04
5.830479298609366791e-04 1.002121741433505800e-05
2.071295146776125557e-04 -2.004623188327093043e-04
1.246173328394742331e-03 -1.694467181017673572e-05
1.961228394050611016e-04 -2.985520598549208757e-04
-2.334501722254050623e-04 1.040622649208849601e-03
-1.834085842301128315e-04 -1.918788830231247080e-04
-6.304603153892841382e-04 7.041674900626913912e-04
-2.090060987873709948e-04 -4.197470980791018517e-04
2.992239758228868959e-04 5.865857614253456621e-05
-1.589052802288998289e-04 2.957844913170622832e-04
7.832250440982190236e-04 -5.146405629059250166e-04
1.774634864612146992e-04 1.216489251810699097e-03
3.827830987333972015e-04 -1.619682983105771325e-04
5.900523746093349611e-04 5.297728959767597674e-04
-3.750326405472477541e-04 1.702746447187974358e-04
-1.251562943237995639e-04 6.732900131454509817e-04
-3.484800925423179631e-05 1.975551442478526236e-04
-6.595429527148877159e-04 7.462027258909307605e-05
-2.345992708381615984e-04 -5.233106127896370967e-04
-3.201054722514558217e-04 6.882839295979459662e-04
7.454891050380825111e-04 -8.172393013419317542e-04
1.148834658777582451e-03 4.823461641803268108e-04
1.088010492754734517e-03 -1.124576925523607584e-03
1.420662167820493666e-03 -2.727470752807661003e-04
-3.097159876021703573e-04 -3.269421102498052583e-04
8.477383858565101619e-04 -7.767377443502348783e-05
-9.087501118179583739e-04 2.133242632792026986e-04
-3.210467101845836829e-04 -7.865332688936125215e-04
-2.970570722076901161e-04 7.482571334226428904e-05
-1.127899584040211508e-03 -8.065875618309814718e-04
1.368569540557808078e-04 -9.547020667818109652e-04
-5.532344904324880191e-04 1.445816481677201972e-04
6.335911500069780567e-04 -3.941380755538251724e-04
1.044874286794080019e-04 -3.892436067925336999e-04
4.132802781946979371e-04 -3.071123188484905890e-04
3.280714090942852134e-06 1.594253577686487579e-04
4.297943835238181168e-04 4.567337815594116638e-04
-6.641698526172464890e-04 2.477897565055530953e-05
-3.465070320366844163e-04 6.408740065313351959e-04
-1.150013288867817113e-03 2.859426257726279644e-04
-6.191680216667043652e-04 2.716575596043399902e-04
-5.038006652024824199e-05 2.073397422667086704e-04
-1.831954808772620386e-04 -4.083084543012352160e-04
1.135776184801750606e-04 6.178975636853464024e-04
-3.732286693816279789e-05 -3.279661268049261077e-04
1.996116762606859696e-04 8.730352517238881317e-04
9.600557610435807982e-05 2.372682074347493150e-04
6.369201031706154907e-05 -2.216571681530888065e-04
-5.090949341300137669e-04 3.922263683700434752e-04
-3.888141298348749149e-04 -9.618905125215208504e-04
-1.044102119883299982e-05 -2.292166724298373796e-05
-3.081338510488563728e-04 1.631584232135802005e-04
1.647310516054250576e-04 2.614234156366042837e-04
8.565960905914898177e-05 -1.935526025020132255e-04
-5.331140385736111076e-04 -6.864684344908468126e-04
7.440438565697824478e-04 5.457367190490487177e-04
-1.502200663134600485e-04 -6.124759411464612943e-05
4.447417125719368026e-04 1.760659893942512493e-04
-4.524878531711949399e-04 4.236057466329092198e-04
-7.585259433019627111e-04 -6.759826473276305382e-05
-5.077647479539853809e-04 1.455865720850222430e-04
-2.650654380425107766e-04 -4.703684763660330795e-04
4.445765253028048018e-04 4.351926557373325330e-04
-7.226211604774838461e-04 -4.389685325302386315e-04
6.587480162309518198e-04 -2.592464023729844030e-05
-2.893168527410360609e-04 2.003896305841273496e-04
3.532507208366575564e-04 -3.173478585400320317e-04
1.853110222031980085e-04 -1.136651004941939568e-04
-7.399199364206103394e-04 -2.719026843554751480e-04
-2.157295127058681114e-04 1.852743943768069023e-04
-2.043770500193393090e-04 -6.626699658265979866e-05
-2.662614668418821591e-04 9.359449394855995277e-04
1.197928924401372872e-04 7.500067164756532220e-04
-3.779430276220257568e-04 -3.944888037161048671e-04
1.569935884660305357e-04 -3.418935151690834191e-05
1.373087029103069938e-04 -4.538253168799432236e-04
2.399632674859089035e-04 -1.251151620265383796e-05
4.542709095390113803e-04 -3.642424915059291912e-04
-3.061293884804188229e-04 -1.504677192413396035e-04
-2.536995917585034436e-04 2.573099077801998050e-04
-3.828347941150955953e-04 -3.871463454881754452e-04
1.438562813807164290e-04 2.288610879816539072e-04
-3.159761980748552221e-04 3.116193421412538178e-04
-4.349097380880656886e-04 2.825010583113966162e-04
1.569979302539727584e-04 3.055831555101511479e-04
-6.166919658245401852e-05 -1.979683384969300021e-04
7.864910334563240306e-04 4.633015027429247118e-04
2.644293604676610900e-04 -6.069047058187285659e-04
-2.814162310854327891e-04 3.553136947267224979e-04
4.810573415629420591e-04 -3.954934265609830310e-05
-3.884870916723326303e-05 9.058421714174964135e-06
2.000114754654424827e-04 3.754181368949949900e-04
-4.534474158593993767e-04 3.017578031667736936e-04
-3.919853961232273951e-04 -1.322597066499324665e-04
-5.487793340000898454e-04 -4.203519122093251812e-04
1.066044494723304193e-04 3.591227042537738771e-05
-1.207867220452467317e-04 -7.710780270654046380e-06
4.824973074524165247e-04 -1.462419794615815000e-04
3.927589048771133935e-04 -2.191832440790574671e-04
5.848193775921546589e-05 1.745890829390640961e-04
4.659046799716031156e-04 -3.940104005336275087e-04
3.566672578131913876e-04 -5.569280484254487279e-05
1.269027921124340748e-04 -7.769269317115970019e-05
-6.904446602835404814e-05 1.188672403363913850e-04
